3 0.53359375 0.9265625 0.1328125 0.128125
3 0.39453125 0.85 0.07578125 0.07890625
3 0.30546875 0.8 0.04296875 0.07109375
3 0.2421875 0.77265625 0.034375 0.04375
3 0.5375 0.6078125 0.140625 0.06796875
3 0.403125 0.60703125 0.0671875 0.04375
3 0.3109375 0.59296875 0.0671875 0.0328125
3 0.5390625 0.31171875 0.134375 0.06796875
3 0.67421875 0.91328125 0.12421875 0.040625
3 0.77421875 0.87109375 0.059375 0.0546875
3 0.68125 0.3453125 0.09765625 0.103125
3 0.76875 0.37265625 0.07109375 0.0765625
3 0.415625 0.36171875 0.0671875 0.04921875
3 0.3359375 0.40234375 0.0390625 0.04921875
3 0.26328125 0.42734375 0.0328125 0.0546875
3 0.21640625 0.44609375 0.02421875 0.0546875
3 0.19921875 0.7453125 0.0265625 0.03828125
3 0.1609375 0.71875 0.0125 0.02734375
3 0.17421875 0.6 0.00625 0.0296875
3 0.2109375 0.6 0.01875 0.02421875
3 0.2578125 0.6 0.03046875 0.0515625