3 0.09453125 0.7953125 0.13125 0.39921875
3 0.14296875 0.91328125 0.14765625 0.1734375
3 0.36015625 0.78984375 0.13203125 0.4203125
3 0.5046875 0.7859375 0.153125 0.428125
3 0.65703125 0.7875 0.13984375 0.42421875
3 0.840625 0.771875 0.1578125 0.45546875
3 0.96171875 0.8015625 0.0703125 0.396875
3 0.13515625 0.3890625 0.09296875 0.41328125
3 0.26796875 0.5765625 0.16796875 0.84609375
3 0.38125 0.4375 0.06015625 0.31640625
3 0.45390625 0.4390625 0.10390625 0.359375
3 0.5609375 0.421875 0.10703125 0.3359375
3 0.67421875 0.3890625 0.109375 0.3734375
3 0.81484375 0.3921875 0.134375 0.4078125