2 0.90390625 0.50859375 0.146875 0.92578125
2 0.98984375 0.5578125 0.0203125 0.759375
2 0.765625 0.51875 0.1484375 0.89296875
2 0.0546875 0.325 0.109375 0.525
2 0.15703125 0.35234375 0.09453125 0.4546875
2 0.24453125 0.35234375 0.078125 0.36328125
2 0.31796875 0.384375 0.06640625 0.34921875
2 0.37890625 0.3875 0.0609375 0.284375
2 0.434375 0.4046875 0.065625 0.2578125
2 0.49453125 0.425 0.04140625 0.2390625
2 0.5296875 0.4453125 0.0265625 0.2265625
2 0.125 0.784375 0.25 0.43125
2 0.25625 0.75703125 0.165625 0.4859375
2 0.440625 0.76796875 0.25390625 0.4640625
2 0.5765625 0.7703125 0.09453125 0.4359375
2 0.65390625 0.740625 0.0640625 0.371875
2 0.56015625 0.44453125 0.02890625 0.215625
2 0.59140625 0.4578125 0.028125 0.1890625
2 0.6234375 0.46328125 0.025 0.1953125
2 0.65 0.46484375 0.021875 0.17890625
2 0.68515625 0.58046875 0.0375 0.3671875