3 0.9296875 0.4671875 0.140625 0.646875
3 0.61171875 0.6578125 0.21171875 0.4296875
3 0.1515625 0.49921875 0.0875 0.353125
3 0.22421875 0.4953125 0.05 0.34453125
3 0.7828125 0.47578125 0.05546875 0.459375
3 0.7265625 0.46484375 0.0609375 0.47578125
3 0.63671875 0.3609375 0.11796875 0.25703125
3 0.55 0.353125 0.0625 0.15859375
3 0.49609375 0.34921875 0.04140625 0.1890625
3 0.42578125 0.4375 0.0953125 0.371875
3 0.34375 0.4734375 0.0625 0.28984375
3 0.27890625 0.46953125 0.059375 0.2875
3 0.06796875 0.50859375 0.1328125 0.36640625
3 0.83984375 0.50234375 0.0375 0.4515625
0 0.34609375 0.65546875 0.31953125 0.484375