1 0.41640625 0.46640625 0.6828125 0.89296875
2 0.65859375 0.80078125 0.2359375 0.06171875
2 0.71796875 0.90859375 0.146875 0.18203125
2 0.10703125 0.66484375 0.01953125 0.1453125
2 0.05546875 0.66796875 0.02734375 0.059375
2 0.17578125 0.6625 0.0578125 0.15859375
2 0.13125 0.62265625 0.0296875 0.24609375
2 0.215625 0.6515625 0.05078125 0.18046875
2 0.2546875 0.58671875 0.03671875 0.11640625
2 0.2078125 0.52265625 0.05546875 0.1078125
2 0.16875 0.53125 0.028125 0.1078125
2 0.2875 0.56328125 0.01953125 0.13203125