3 0.30546875 0.95546875 0.4296875 0.0890625
3 0.74375 0.93125 0.4015625 0.1125
3 0.97265625 0.8875 0.0546875 0.13125
3 0.14609375 0.221875 0.078125 0.021875
3 0.28984375 0.2140625 0.06171875 0.01640625
3 0.51953125 0.21640625 0.04765625 0.01640625
3 0.7921875 0.221875 0.053125 0.01640625
3 0.85703125 0.21953125 0.059375 0.01640625
3 0.92421875 0.221875 0.04921875 0.01640625
3 0.07734375 0.21015625 0.05546875 0.0140625
3 0.021875 0.20859375 0.04296875 0.01640625
3 0.221875 0.2109375 0.06171875 0.01640625