3 0.61875 0.5203125 0.2 0.05234375
3 0.625 0.41015625 0.1921875 0.03046875
3 0.615625 0.21015625 0.1859375 0.0578125
3 0.6140625 0.1 0.19609375 0.0578125
3 0.7984375 0.13046875 0.1671875 0.0578125
3 0.83203125 0.23046875 0.078125 0.021875
3 0.8078125 0.40234375 0.12421875 0.025
3 0.81875 0.5203125 0.13828125 0.04140625
3 0.84765625 0.703125 0.07265625 0.04375
3 0.83671875 0.8140625 0.0578125 0.04140625
3 0.70703125 0.69453125 0.18828125 0.06015625
3 0.71015625 0.81953125 0.17734375 0.06875
3 0.93828125 0.83828125 0.12265625 0.07890625
3 0.94296875 0.5625 0.1140625 0.04921875
3 0.940625 0.38046875 0.11796875 0.04140625
3 0.93828125 0.1046875 0.12265625 0.0578125
3 0.37265625 0.41875 0.109375 0.01953125
3 0.36640625 0.48984375 0.096875 0.025
3 0.35625 0.67265625 0.06015625 0.02734375
3 0.36171875 0.81015625 0.0578125 0.02734375
3 0.35546875 0.8703125 0.0453125 0.021875
3 0.23671875 0.47890625 0.04375 0.01953125
3 0.23515625 0.4203125 0.0375 0.0109375
3 0.23984375 0.2796875 0.0328125 0.01640625
3 0.35078125 0.4890625 0.05390625 0.01640625
3 0.40390625 0.61484375 0.05546875 0.02734375
3 0.4140625 0.6765625 0.04765625 0.03046875
3 0.2375 0.715625 0.04921875 0.01953125
3 0.24140625 0.625 0.0375 0.0140625
3 0.24375 0.56953125 0.02890625 0.0140625
3 0.24375 0.76875 0.0203125 0.01640625
3 0.671875 0.953125 0.11796875 0.04921875
3 0.7640625 0.95546875 0.06171875 0.0328125
3 0.84453125 0.940625 0.04921875 0.0578125
3 0.52890625 0.68515625 0.11171875 0.03046875