3 0.28671875 0.76875 0.3109375 0.07734375
3 0.5203125 0.75234375 0.14453125 0.06015625
3 0.64140625 0.7359375 0.09765625 0.04765625
3 0.0578125 0.796875 0.115625 0.084375
3 0.22109375 0.1140625 0.17265625 0.1828125
3 0.3765625 0.22265625 0.1125 0.1046875
3 0.48671875 0.30234375 0.0765625 0.08515625
3 0.55703125 0.3546875 0.05625 0.0546875
3 0.64453125 0.40859375 0.08984375 0.0921875
3 0.0671875 0.03515625 0.09375 0.0703125
3 0.71796875 0.4640625 0.05625 0.0578125
3 0.7671875 0.5015625 0.0390625 0.0421875
3 0.721875 0.7296875 0.06015625 0.03515625
3 0.7734375 0.72265625 0.0390625 0.0296875
3 0.8125 0.7171875 0.02421875 0.0203125
3 0.79921875 0.52265625 0.0203125 0.0203125